spheres count = 3
pos = (0.000000, 0.300000, 0.400000), radius = 0.400000
pos = (-0.300000, 0.000000, 0.100000), radius = 0.300000
pos = (0.000000, -0.200000, 0.000000), radius = 0.250000
